1  2 10 11 19 20 28 29
1  3  4  5  6  7  8  9
1 10 19 28 37 46 55 64
1 11 21 31 41 51 61 71
1 12 20 34 45 53 58 69
1 13 25 35 38 50 60 72
1 14 27 29 42 52 57 67
1 15 26 32 43 48 63 65
1 16 22 33 39 54 62 68
1 17 24 36 40 47 59 66
1 18 23 30 44 49 56 70
2  3  4  5  6  7  8  9
2 10 21 35 43 54 59 67
2 11 20 29 38 47 56 65
2 12 19 32 42 49 62 72
2 13 27 33 44 46 61 66
2 14 26 36 39 51 58 70
2 15 25 30 40 53 55 68
2 16 24 28 45 50 57 71
2 17 23 31 37 52 63 69
2 18 22 34 41 48 60 64
3 10 20 33 40 50 63 70
3 11 19 36 44 52 60 68
3 12 21 30 39 48 57 66
3 13 26 28 41 54 56 69
3 14 25 31 45 47 62 64
3 15 27 34 37 49 59 71
3 16 23 35 42 46 58 65
3 17 22 29 43 51 55 72
3 18 24 32 38 53 61 67
4 10 25 36 42 48 56 71
4 11 27 30 43 50 62 69
4 12 26 33 38 52 59 64
4 13 22 31 40 49 58 67
4 14 24 34 44 54 55 65
4 15 23 28 39 47 61 72
4 16 19 29 41 53 63 66
4 17 21 32 45 46 60 70
4 18 20 35 37 51 57 68
5 10 27 31 39 53 60 65
5 11 26 34 40 46 57 72
5 12 25 28 44 51 63 67
5 13 24 29 37 48 62 70
5 14 23 32 41 50 59 68
5 15 22 35 45 52 56 66
5 16 21 36 38 49 55 69
5 17 20 30 42 54 61 64
5 18 19 33 43 47 58 71
6 10 26 29 45 49 61 68
6 11 25 32 37 54 58 66
6 12 27 35 41 47 55 70
6 13 23 36 43 53 57 64
6 14 22 30 38 46 63 71
6 15 24 33 42 51 60 69
6 16 20 31 44 48 59 72
6 17 19 34 39 50 56 67
6 18 21 28 40 52 62 65
7 10 22 32 44 47 57 69
7 11 24 35 39 49 63 64
7 12 23 29 40 54 60 71
7 13 19 30 45 51 59 65
7 14 21 33 37 53 56 72
7 15 20 36 41 46 62 67
7 16 25 34 43 52 61 70
7 17 27 28 38 48 58 68
7 18 26 31 42 50 55 66
8 10 24 30 41 52 58 72
8 11 23 33 45 48 55 67
8 12 22 36 37 50 61 65
8 13 21 34 42 47 63 68
8 14 20 28 43 49 60 66
8 15 19 31 38 54 57 70
8 16 27 32 40 51 56 64
8 17 26 35 44 53 62 71
8 18 25 29 39 46 59 69
9 10 23 34 38 51 62 66
9 11 22 28 42 53 59 70
9 12 24 31 43 46 56 68
9 13 20 32 39 52 55 71
9 14 19 35 40 48 61 69
9 15 21 29 44 50 58 64
9 16 26 30 37 47 60 67
9 17 25 33 41 49 57 65
9 18 27 36 45 54 63 72
10 12 13 14 15 16 17 18
11 12 13 14 15 16 17 18
19 21 22 23 24 25 26 27
20 21 22 23 24 25 26 27
28 30 31 32 33 34 35 36
29 30 31 32 33 34 35 36
37 38 46 47 55 56 64 65
37 39 40 41 42 43 44 45
38 39 40 41 42 43 44 45
46 48 49 50 51 52 53 54
47 48 49 50 51 52 53 54
55 57 58 59 60 61 62 63
56 57 58 59 60 61 62 63
64 66 67 68 69 70 71 72
65 66 67 68 69 70 71 72